2671180128
2734482835
2671180129
637000195
2675903035
2721756095
2671180135
2671180134
2747842411
2671180070
2671180071
2671180137
2671180075
2585428181
2588253501
2737471636
2724679654
2737471640
2675903143
2671180136
2757320375
2671180069
2747842410
2671180081
2737471624
650716067
2671180077
2671180074
2737471630
2737471626
2747842412
2737471621
2737471643
2675903042
2627854142
2744054926
2724679738
2675903043
2737471619
2675903045
637000197
2671180218
2675903044
2675903038
2734482836
2734482834
2739367902
650716066
2737471620
2671180078
2636415522
637000196
2671180082
2675903039
2737471627
2671180076
2738541241
2737471628
2734482144
2671180127
2675903037
2671180073
2675903036
2737471618
2737471641
2675903041
2737471629
2675903144
2671180036
637000165
2582581324
2675903040
2671180029
2671180133
2671180079
2671180072
2585427884
2657245330
2737471617
2667527227
2671180130
2671180042
2671180131
2737471642
2747842409
2627854152
2671180132
2671180080