Bin Id	Marker lineage	# genomes	# markers	# marker sets	Completeness	Contamination	Strain heterogeneity	Genome size (bp)	# ambiguous bases	# scaffolds	# contigs	N50 (scaffolds)	N50 (contigs)	Mean scaffold length (bp)	Mean contig length (bp)	Longest scaffold (bp)	Longest contig (bp)	GC	GC std (scaffolds > 1kbp)	Coding density	Translation table	# predicted genes	0	1	2	3	4	5+
2593339187	c__Betaproteobacteria (UID3959)	235	419	211	67.02	1.24	100.00	996711	138	125	125	10062	10062	7973	7972	29607	29602	52.8	1.26	95.50	11	1092	156	256	7	0	0	0
2737471695	c__Betaproteobacteria (UID3959)	235	418	210	43.20	0.00	0.00	1315600	114	137	146	12012	12012	9602	9010	55432	55432	49.6	3.08	86.98	11	1419	219	199	0	0	0	0
2737471696	root (UID1)	5656	56	24	12.50	0.00	0.00	874759	32	50	52	18138	18138	17495	16821	55432	55432	49.6	2.23	87.09	11	905	53	3	0	0	0	0
2739367549	k__Bacteria (UID203)	5449	103	57	5.90	0.32	100.00	123111	64	31	32	4599	4446	3971	3845	11391	11391	50.2	2.52	89.75	11	164	94	7	2	0	0	0
2739367552	root (UID1)	5656	56	24	0.00	0.00	0.00	68100	78	14	15	6193	6193	4864	4534	21305	21305	48.9	3.20	81.41	11	94	56	0	0	0	0	0
2739367581	c__Betaproteobacteria (UID3959)	235	418	210	26.45	0.48	0.00	749896	50	124	127	7864	7864	6047	5904	22289	22289	49.8	3.14	87.57	11	798	287	130	1	0	0	0
2739367582	k__Bacteria (UID203)	5449	104	58	6.90	0.00	0.00	315072	30	25	26	12199	12199	12602	12117	22289	22289	49.7	1.84	87.00	11	312	96	8	0	0	0	0
2739367605	k__Bacteria (UID203)	5449	104	58	29.47	0.00	0.00	924498	174	128	135	10504	10504	7222	6846	33149	33149	49.4	2.91	86.27	11	999	78	26	0	0	0	0
2739367606	k__Bacteria (UID203)	5449	104	58	12.07	0.00	0.00	541114	15	40	41	13188	13188	13527	13197	33149	33149	49.6	2.39	87.72	11	556	97	7	0	0	0	0
2739367630	k__Bacteria (UID203)	5449	103	57	10.53	0.00	0.00	229273	42	30	32	10401	10401	7642	7163	33091	33091	50.6	1.55	87.44	11	255	96	7	0	0	0	0
